8053
8069
8093
8117
8123
8147
8171
8179
8219
8221
8237
8243
8269
8291
8293
8363
8387
8429
8443
8467
8539
8563
8573
8597
8627
8669
8677
8693
8699
8731
8741
8747
8803
8819
8821
8837
8861
8867
8923
8933
8963
8971
9011
9029
9059
9173
9181
9203
9221
9227
9283
9293
9323
9341
9349
9371
9397
9419
9421
9437
9467
9491
9533
9539
9547
9587
9613
9619
9629
9643
9661
9677
9733
9749
9803
9851
9859
9883
9901
9907
9923
9941
9949
10037
10067
10069
10091
10093
10099
10133
10139
10141
10163
10181
10253
10259
10267
10301
10331
10357
10427
10459
10477
10499
10501
10589
10613
10667
10691
10709
10723
10733
10789
10837
10853
10859
10861
10867
10883
10891
10909
10949
10973
10979
10987
